+--------------------------------------------------------------------------------------------------------------------------------------------------------------------------------------------------------------------------------------------------------------------------+
; Legal Partition Candidates                                                                                                                                                                                                                                               ;
+---------------------------------------------------------------------+-------+----------------+--------------+----------------+--------+-----------------+---------------+-----------------+-------+----------------+--------------+------------------+-------------------+
; Hierarchy                                                           ; Input ; Constant Input ; Unused Input ; Floating Input ; Output ; Constant Output ; Unused Output ; Floating Output ; Bidir ; Constant Bidir ; Unused Bidir ; Input only Bidir ; Output only Bidir ;
+---------------------------------------------------------------------+-------+----------------+--------------+----------------+--------+-----------------+---------------+-----------------+-------+----------------+--------------+------------------+-------------------+
; Buzzer                                                              ; 53    ; 37             ; 33           ; 37             ; 35     ; 37              ; 37            ; 37              ; 0     ; 0              ; 0            ; 0                ; 0                 ;
; LED                                                                 ; 53    ; 36             ; 32           ; 36             ; 36     ; 36              ; 36            ; 36              ; 0     ; 0              ; 0            ; 0                ; 0                 ;
; Key                                                                 ; 57    ; 6              ; 35           ; 6              ; 34     ; 6               ; 6             ; 6               ; 0     ; 0              ; 0            ; 0                ; 0                 ;
; LCD                                                                 ; 53    ; 37             ; 33           ; 37             ; 56     ; 37              ; 37            ; 37              ; 0     ; 0              ; 0            ; 0                ; 0                 ;
; Timer1                                                              ; 53    ; 7              ; 0            ; 7              ; 35     ; 7               ; 7             ; 7               ; 0     ; 0              ; 0            ; 0                ; 0                 ;
; Timer0                                                              ; 53    ; 7              ; 0            ; 7              ; 35     ; 7               ; 7             ; 7               ; 0     ; 0              ; 0            ; 0                ; 0                 ;
; UART                                                                ; 53    ; 18             ; 12           ; 18             ; 42     ; 18              ; 18            ; 18              ; 0     ; 0              ; 0            ; 0                ; 0                 ;
; ApbSystem                                                           ; 549   ; 306            ; 0            ; 306            ; 41     ; 306             ; 306           ; 306             ; 0     ; 0              ; 0            ; 0                ; 0                 ;
; ApbBridge                                                           ; 97    ; 4              ; 4            ; 4              ; 93     ; 4               ; 4             ; 4               ; 0     ; 0              ; 0            ; 0                ; 0                 ;
; DTCM|BRAM[0][7]__4|auto_generated|mux3                              ; 17    ; 0              ; 0            ; 0              ; 8      ; 0               ; 0             ; 0               ; 0     ; 0              ; 0            ; 0                ; 0                 ;
; DTCM|BRAM[0][7]__4|auto_generated|decode2                           ; 2     ; 0              ; 0            ; 0              ; 2      ; 0               ; 0             ; 0               ; 0     ; 0              ; 0            ; 0                ; 0                 ;
; DTCM|BRAM[0][7]__4|auto_generated                                   ; 38    ; 0              ; 0            ; 0              ; 8      ; 0               ; 0             ; 0               ; 0     ; 0              ; 0            ; 0                ; 0                 ;
; DTCM|BRAM[0][15]__3|auto_generated|mux3                             ; 17    ; 0              ; 0            ; 0              ; 8      ; 0               ; 0             ; 0               ; 0     ; 0              ; 0            ; 0                ; 0                 ;
; DTCM|BRAM[0][15]__3|auto_generated|decode2                          ; 2     ; 0              ; 0            ; 0              ; 2      ; 0               ; 0             ; 0               ; 0     ; 0              ; 0            ; 0                ; 0                 ;
; DTCM|BRAM[0][15]__3|auto_generated                                  ; 38    ; 0              ; 0            ; 0              ; 8      ; 0               ; 0             ; 0               ; 0     ; 0              ; 0            ; 0                ; 0                 ;
; DTCM|BRAM[0][23]__2|auto_generated|mux3                             ; 17    ; 0              ; 0            ; 0              ; 8      ; 0               ; 0             ; 0               ; 0     ; 0              ; 0            ; 0                ; 0                 ;
; DTCM|BRAM[0][23]__2|auto_generated|decode2                          ; 2     ; 0              ; 0            ; 0              ; 2      ; 0               ; 0             ; 0               ; 0     ; 0              ; 0            ; 0                ; 0                 ;
; DTCM|BRAM[0][23]__2|auto_generated                                  ; 38    ; 0              ; 0            ; 0              ; 8      ; 0               ; 0             ; 0               ; 0     ; 0              ; 0            ; 0                ; 0                 ;
; DTCM|BRAM[0][31]__1|auto_generated|mux3                             ; 17    ; 0              ; 0            ; 0              ; 8      ; 0               ; 0             ; 0               ; 0     ; 0              ; 0            ; 0                ; 0                 ;
; DTCM|BRAM[0][31]__1|auto_generated|decode2                          ; 2     ; 0              ; 0            ; 0              ; 2      ; 0               ; 0             ; 0               ; 0     ; 0              ; 0            ; 0                ; 0                 ;
; DTCM|BRAM[0][31]__1|auto_generated                                  ; 38    ; 0              ; 0            ; 0              ; 8      ; 0               ; 0             ; 0               ; 0     ; 0              ; 0            ; 0                ; 0                 ;
; DTCM                                                                ; 52    ; 0              ; 0            ; 0              ; 32     ; 0               ; 0             ; 0               ; 0     ; 0              ; 0            ; 0                ; 0                 ;
; AhbDtcm                                                             ; 90    ; 2              ; 2            ; 2              ; 85     ; 2               ; 2             ; 2               ; 0     ; 0              ; 0            ; 0                ; 0                 ;
; ITCM|BRAM[0][7]__4|auto_generated|mux3                              ; 17    ; 0              ; 0            ; 0              ; 8      ; 0               ; 0             ; 0               ; 0     ; 0              ; 0            ; 0                ; 0                 ;
; ITCM|BRAM[0][7]__4|auto_generated|decode2                           ; 2     ; 0              ; 0            ; 0              ; 2      ; 0               ; 0             ; 0               ; 0     ; 0              ; 0            ; 0                ; 0                 ;
; ITCM|BRAM[0][7]__4|auto_generated                                   ; 38    ; 0              ; 0            ; 0              ; 8      ; 0               ; 0             ; 0               ; 0     ; 0              ; 0            ; 0                ; 0                 ;
; ITCM|BRAM[0][15]__3|auto_generated|mux3                             ; 17    ; 0              ; 0            ; 0              ; 8      ; 0               ; 0             ; 0               ; 0     ; 0              ; 0            ; 0                ; 0                 ;
; ITCM|BRAM[0][15]__3|auto_generated|decode2                          ; 2     ; 0              ; 0            ; 0              ; 2      ; 0               ; 0             ; 0               ; 0     ; 0              ; 0            ; 0                ; 0                 ;
; ITCM|BRAM[0][15]__3|auto_generated                                  ; 38    ; 0              ; 0            ; 0              ; 8      ; 0               ; 0             ; 0               ; 0     ; 0              ; 0            ; 0                ; 0                 ;
; ITCM|BRAM[0][23]__2|auto_generated|mux3                             ; 17    ; 0              ; 0            ; 0              ; 8      ; 0               ; 0             ; 0               ; 0     ; 0              ; 0            ; 0                ; 0                 ;
; ITCM|BRAM[0][23]__2|auto_generated|decode2                          ; 2     ; 0              ; 0            ; 0              ; 2      ; 0               ; 0             ; 0               ; 0     ; 0              ; 0            ; 0                ; 0                 ;
; ITCM|BRAM[0][23]__2|auto_generated                                  ; 38    ; 0              ; 0            ; 0              ; 8      ; 0               ; 0             ; 0               ; 0     ; 0              ; 0            ; 0                ; 0                 ;
; ITCM|BRAM[0][31]__1|auto_generated|mux3                             ; 17    ; 0              ; 0            ; 0              ; 8      ; 0               ; 0             ; 0               ; 0     ; 0              ; 0            ; 0                ; 0                 ;
; ITCM|BRAM[0][31]__1|auto_generated|decode2                          ; 2     ; 0              ; 0            ; 0              ; 2      ; 0               ; 0             ; 0               ; 0     ; 0              ; 0            ; 0                ; 0                 ;
; ITCM|BRAM[0][31]__1|auto_generated                                  ; 38    ; 0              ; 0            ; 0              ; 8      ; 0               ; 0             ; 0               ; 0     ; 0              ; 0            ; 0                ; 0                 ;
; ITCM                                                                ; 52    ; 0              ; 0            ; 0              ; 32     ; 0               ; 0             ; 0               ; 0     ; 0              ; 0            ; 0                ; 0                 ;
; AhbItcm                                                             ; 90    ; 2              ; 2            ; 2              ; 85     ; 2               ; 2             ; 2               ; 0     ; 0              ; 0            ; 0                ; 0                 ;
; AhbMtx|u_ahbmtxoutstgm2_2|u_output_arb                              ; 11    ; 0              ; 3            ; 0              ; 3      ; 0               ; 0             ; 0               ; 0     ; 0              ; 0            ; 0                ; 0                 ;
; AhbMtx|u_ahbmtxoutstgm2_2                                           ; 151   ; 0              ; 0            ; 0              ; 149    ; 0               ; 0             ; 0               ; 0     ; 0              ; 0            ; 0                ; 0                 ;
; AhbMtx|u_ahbmtxoutstgm1_1|u_output_arb                              ; 11    ; 0              ; 3            ; 0              ; 3      ; 0               ; 0             ; 0               ; 0     ; 0              ; 0            ; 0                ; 0                 ;
; AhbMtx|u_ahbmtxoutstgm1_1                                           ; 151   ; 0              ; 0            ; 0              ; 149    ; 0               ; 0             ; 0               ; 0     ; 0              ; 0            ; 0                ; 0                 ;
; AhbMtx|u_ahbmtxoutstgm0_0|u_output_arb                              ; 12    ; 0              ; 3            ; 0              ; 3      ; 0               ; 0             ; 0               ; 0     ; 0              ; 0            ; 0                ; 0                 ;
; AhbMtx|u_ahbmtxoutstgm0_0                                           ; 299   ; 0              ; 0            ; 0              ; 150    ; 0               ; 0             ; 0               ; 0     ; 0              ; 0            ; 0                ; 0                 ;
; AhbMtx|u_ahbmtxdecs2|u_AhbMtx_default_slave                         ; 6     ; 0              ; 1            ; 0              ; 3      ; 0               ; 0             ; 0               ; 0     ; 0              ; 0            ; 0                ; 0                 ;
; AhbMtx|u_ahbmtxdecs2                                                ; 164   ; 0              ; 0            ; 0              ; 70     ; 0               ; 0             ; 0               ; 0     ; 0              ; 0            ; 0                ; 0                 ;
; AhbMtx|u_ahbmtxdecs1|u_AhbMtx_default_slave                         ; 6     ; 0              ; 1            ; 0              ; 3      ; 0               ; 0             ; 0               ; 0     ; 0              ; 0            ; 0                ; 0                 ;
; AhbMtx|u_ahbmtxdecs1                                                ; 96    ; 0              ; 0            ; 0              ; 69     ; 0               ; 0             ; 0               ; 0     ; 0              ; 0            ; 0                ; 0                 ;
; AhbMtx|u_ahbmtxdecs0|u_AhbMtx_default_slave                         ; 6     ; 0              ; 1            ; 0              ; 3      ; 0               ; 0             ; 0               ; 0     ; 0              ; 0            ; 0                ; 0                 ;
; AhbMtx|u_ahbmtxdecs0                                                ; 96    ; 0              ; 0            ; 0              ; 69     ; 0               ; 0             ; 0               ; 0     ; 0              ; 0            ; 0                ; 0                 ;
; AhbMtx|u_AhbMtxInStg_2                                              ; 90    ; 0              ; 0            ; 0              ; 87     ; 0               ; 0             ; 0               ; 0     ; 0              ; 0            ; 0                ; 0                 ;
; AhbMtx|u_AhbMtxInStg_1                                              ; 90    ; 0              ; 0            ; 0              ; 87     ; 0               ; 0             ; 0               ; 0     ; 0              ; 0            ; 0                ; 0                 ;
; AhbMtx|u_AhbMtxInStg_0                                              ; 90    ; 0              ; 0            ; 0              ; 87     ; 0               ; 0             ; 0               ; 0     ; 0              ; 0            ; 0                ; 0                 ;
; AhbMtx                                                              ; 653   ; 349            ; 0            ; 349            ; 357    ; 349             ; 349           ; 349             ; 0     ; 0              ; 0            ; 0                ; 0                 ;
; ulogic                                                              ; 482   ; 390            ; 1            ; 390            ; 208    ; 390             ; 390           ; 390             ; 0     ; 0              ; 0            ; 0                ; 0                 ;
; SynClockQuartus.PLL|altpll_component|auto_generated                 ; 3     ; 0              ; 0            ; 0              ; 5      ; 0               ; 0             ; 0               ; 0     ; 0              ; 0            ; 0                ; 0                 ;
; SynClockQuartus.PLL                                                 ; 2     ; 0              ; 0            ; 0              ; 1      ; 0               ; 0             ; 0               ; 0     ; 0              ; 0            ; 0                ; 0                 ;
; SynClockQuartus.sw_clk|altclkctrl_0|BUFG_altclkctrl_0_sub_component ; 5     ; 4              ; 0            ; 4              ; 1      ; 4               ; 4             ; 4               ; 0     ; 0              ; 0            ; 0                ; 0                 ;
; SynClockQuartus.sw_clk|altclkctrl_0                                 ; 1     ; 0              ; 0            ; 0              ; 1      ; 0               ; 0             ; 0               ; 0     ; 0              ; 0            ; 0                ; 0                 ;
; SynClockQuartus.sw_clk                                              ; 1     ; 0              ; 0            ; 0              ; 1      ; 0               ; 0             ; 0               ; 0     ; 0              ; 0            ; 0                ; 0                 ;
+---------------------------------------------------------------------+-------+----------------+--------------+----------------+--------+-----------------+---------------+-----------------+-------+----------------+--------------+------------------+-------------------+
